result_no	generate_no	p_no	mhp	mmp	msp	cp	str	def	tec	eva	agi	luk	cha	rank_id	tp	ap	pp	sc	
06	0	1	1121	318	342	3	100	141	100	141	100	100	120	39	52	0	0	54
06	0	4	1828	-1	128	3	100	130	100	253	152	100	100	39	86	0	0	537
06	0	5	1579	-1	112	3	100	100	100	140	126	147	318	39	48	0	0	43
06	0	6	1000	548	548	3	100	110	100	110	100	105	100	7	79	0	0	182
06	0	7	1726	-1	215	3	100	130	100	120	100	100	230	39	47	0	0	29
06	0	8	1184	106	106	3	100	100	100	260	230	100	100	7	57	0	0	299
06	0	9	1326	163	177	3	100	100	100	205	100	105	120	39	61	0	0	229
06	0	10	1095	230	249	3	100	133	100	100	100	100	249	7	49	0	0	169
06	0	11	1031	258	277	3	100	100	100	100	122	100	120	39	97	0	95	1802
06	0	12	1629	-1	129	3	100	100	100	100	100	100	503	7	70	0	95	73
06	0	13	1161	216	216	3	100	118	100	100	100	106	269	7	96	0	0	880
06	0	14	1546	-1	120	3	100	100	100	100	100	289	100	39	95	0	0	939
06	0	15	1566	-1	378	3	100	130	100	130	100	120	120	7	56	0	0	558
06	0	16	1986	-1	185	3	100	100	100	100	110	100	245	7	64	0	0	260
06	0	17	1128	231	231	3	100	100	100	110	130	120	130	7	115	0	0	2450
06	0	18	1161	260	280	3	100	100	100	151	100	106	171	7	67	0	0	83
06	0	19	1195	246	246	3	100	100	100	100	100	216	120	7	69	0	0	324
06	0	20	1117	271	271	3	100	100	100	100	100	216	144	7	64	0	93	67
06	0	21	1031	130	130	3	100	110	100	120	120	110	120	7	96	0	0	1635
06	0	22	1000	346	346	3	100	100	100	100	100	172	160	7	70	0	0	315
06	0	23	1124	336	360	3	100	100	100	100	100	141	129	39	55	0	0	128
06	0	24	1500	-1	210	3	100	100	100	100	100	158	130	7	84	0	0	1540
06	0	25	1118	100	100	3	100	198	100	100	100	100	100	7	77	0	0	990
06	0	26	1184	264	264	3	100	100	100	100	100	105	230	7	73	0	0	140
06	0	27	1219	248	248	3	100	100	100	110	100	111	212	7	70	0	0	240
06	0	28	1095	164	164	3	100	100	100	106	100	100	372	7	56	0	0	1186
06	0	29	1000	100	100	3	100	100	100	100	100	100	100	7	101	0	0	2010
06	0	30	1086	539	539	3	100	100	100	100	100	120	100	39	57	0	65	103
06	0	31	1063	125	125	3	100	100	100	110	110	125	202	7	98	0	0	1731
06	0	32	1273	152	152	3	100	190	100	152	152	100	100	7	86	0	0	1317
06	0	34	1184	286	286	3	100	100	100	100	100	100	216	7	96	0	0	985
06	0	35	1151	319	343	3	100	110	100	130	100	100	141	7	52	0	0	49
06	0	36	1063	141	141	3	100	100	100	100	100	100	460	39	77	0	0	1044
06	0	37	1000	100	100	3	100	100	100	100	100	100	100	7	84	0	0	1540
06	0	38	1834	-1	229	3	100	110	100	130	176	100	130	7	53	0	0	399
06	0	39	1053	263	281	3	100	130	100	100	100	147	176	39	59	0	0	654
06	0	40	1124	292	312	3	100	100	100	165	100	147	100	7	80	0	33	4
06	0	41	1797	-1	154	3	100	100	100	185	228	100	135	7	55	0	62	18
06	0	42	1031	301	301	3	100	100	100	100	100	105	278	7	53	0	0	330
06	0	43	1031	130	130	3	100	100	100	100	100	100	130	7	102	0	0	2102
06	0	44	1161	230	249	3	100	100	100	100	100	100	245	7	62	0	0	450
06	0	45	1792	-1	176	3	100	100	100	110	100	100	216	7	85	0	0	1324
06	0	46	1184	154	169	3	100	100	100	164	164	105	152	7	91	0	0	1039
06	0	47	1998	-1	172	3	100	125	100	120	148	130	120	39	57	0	0	559
06	0	48	2097	-1	213	3	100	100	100	100	100	100	216	39	58	0	0	58
06	0	49	1666	-1	122	3	100	436	100	100	100	100	120	7	73	0	19	31
06	0	50	1983	-1	180	3	100	183	100	100	100	147	100	7	66	0	0	43
06	0	51	1714	-1	120	3	100	125	100	100	120	100	100	7	84	0	0	1750
06	0	52	3033	-1	106	3	100	120	100	100	100	100	100	7	75	0	0	153
06	0	53	1161	260	260	3	100	100	100	100	100	216	120	7	62	0	0	62
06	0	54	1195	171	171	3	100	110	100	126	120	117	228	7	76	0	0	320
06	0	55	1701	-1	110	3	100	355	100	100	110	147	100	7	67	0	0	93
06	0	56	1500	-1	100	3	100	100	100	100	100	100	100	7	84	0	0	1540
06	0	57	1209	281	301	3	100	110	100	141	110	110	120	7	59	0	0	394
06	0	58	1031	490	521	3	100	110	100	120	100	100	100	7	51	0	0	156
06	0	59	1218	218	236	3	100	100	100	100	100	105	245	7	83	0	0	610
06	0	60	1986	-1	251	3	100	141	100	110	110	125	100	7	76	0	0	336
06	0	61	1161	216	216	3	100	100	100	118	100	100	276	7	78	0	0	636
06	0	62	1000	100	100	3	100	100	100	100	100	100	100	7	84	0	0	1540
06	0	63	1118	336	336	3	100	100	100	100	100	189	100	7	72	0	0	1108
06	0	64	1161	216	216	3	100	100	100	100	100	312	100	7	68	0	0	30
06	0	65	1063	110	110	3	100	110	100	100	110	100	100	7	88	0	0	1760
06	0	66	1384	205	205	3	100	100	100	100	100	100	216	7	69	0	0	110
06	0	67	1031	325	325	3	100	100	100	278	100	100	100	7	64	0	133	238
06	0	68	1031	125	125	3	100	100	100	100	110	105	110	7	93	0	0	1630
06	0	69	1000	100	100	3	100	100	100	100	100	100	100	7	84	0	0	1540
06	0	70	1000	100	100	3	100	100	100	100	100	100	100	7	84	0	0	1540
06	0	71	1031	230	230	3	100	130	100	100	110	202	120	7	84	0	0	1540
06	0	72	1161	120	120	3	100	100	100	245	216	100	100	39	71	0	0	507
06	0	73	1500	-1	100	3	100	100	100	100	100	100	100	7	84	0	0	1540
06	0	74	1000	100	100	3	100	100	100	100	100	100	100	7	84	0	0	1540
06	0	76	1161	158	158	3	100	120	100	100	100	105	100	7	91	0	0	1475
06	0	77	1671	-1	241	3	100	100	100	100	100	110	110	39	74	0	0	699
06	0	78	1161	223	223	3	100	100	100	120	120	125	189	39	97	0	0	973
06	0	80	1031	120	133	3	100	100	100	100	110	100	110	7	81	0	0	1540
06	0	81	1031	369	369	3	100	100	100	100	100	214	100	7	82	0	0	603
06	0	82	1500	-1	100	3	100	100	100	100	100	100	100	7	84	0	0	1540
06	0	83	1066	111	111	3	100	100	100	120	181	100	100	39	93	0	0	1170
06	0	84	1095	231	231	3	100	110	100	110	100	120	164	7	94	0	0	1340
06	0	85	1000	100	100	3	100	100	100	100	100	100	100	7	84	0	0	1540
06	0	86	1000	100	100	3	100	100	100	100	100	100	100	7	84	0	0	1540
06	0	87	1000	100	100	3	100	100	100	100	100	100	100	7	84	0	0	1540
06	0	88	1000	100	100	3	100	100	100	100	100	100	100	7	84	0	0	1540
06	0	89	1500	-1	100	3	100	100	100	100	100	100	100	7	84	0	0	1540
06	0	90	1000	100	100	3	100	100	100	100	100	100	100	7	84	0	0	1540
06	0	91	1118	263	283	3	100	120	100	110	100	158	141	7	69	0	0	155
06	0	94	1816	-1	112	3	100	100	100	352	120	100	100	7	94	0	0	834
06	0	95	1000	100	100	3	100	100	100	100	100	100	100	7	84	0	0	1540
06	0	96	1000	100	100	3	100	100	100	100	100	100	100	7	89	0	0	1745
06	0	97	2916	-1	128	3	100	130	100	100	100	100	100	7	69	0	93	467
06	0	98	1000	100	100	3	100	100	100	100	100	100	100	7	84	0	0	1540
06	0	99	1031	210	210	3	100	100	100	100	110	125	141	7	87	0	0	1190
06	0	100	1000	100	100	3	100	100	100	100	100	100	100	7	81	0	0	1540
06	0	101	1095	120	120	3	100	110	100	176	152	100	100	39	92	0	0	1285
06	0	102	1000	100	100	3	100	100	100	100	100	100	100	7	84	0	0	1540
06	0	103	1223	136	150	3	100	144	100	145	122	167	134	7	73	0	81	584
06	0	105	1000	293	293	3	100	277	100	110	100	100	100	7	65	0	0	984
06	0	106	1095	299	321	3	100	120	100	130	100	105	141	7	47	0	0	305
06	0	107	1000	100	100	3	100	100	100	100	100	100	100	7	84	0	0	1540
06	0	108	1128	189	206	3	100	100	100	100	100	100	230	39	88	0	0	1040
06	0	109	1157	153	153	3	100	100	100	288	120	100	129	7	81	0	37	1003
06	0	110	2133	-1	193	3	100	164	100	100	141	100	100	7	89	0	0	1124
06	0	111	1866	-1	229	3	100	115	100	110	110	111	185	7	61	0	0	317
06	0	112	1000	100	100	3	100	100	100	100	100	100	100	7	84	0	0	1540
06	0	113	1000	100	100	3	100	100	100	100	100	100	100	7	84	0	0	1540
06	0	114	1161	246	246	3	100	100	100	100	100	120	230	7	90	0	0	1570
06	0	115	1692	-1	504	3	100	100	100	100	100	100	120	7	50	0	137	574
06	0	116	1546	-1	100	3	100	100	100	130	120	100	100	39	89	0	0	1745
06	0	118	1500	-1	100	3	100	100	100	100	100	100	100	7	84	0	0	1540
06	0	119	1063	216	234	3	100	110	100	141	100	100	100	7	90	0	0	1484
06	0	120	1022	337	360	3	100	152	100	152	100	100	100	7	60	0	0	451
06	0	121	1000	231	231	3	100	152	100	100	130	231	100	7	93	0	0	674
06	0	122	1500	-1	100	3	100	100	100	100	100	100	100	7	84	0	0	1540
06	0	123	1642	-1	164	3	100	100	100	100	100	100	202	7	100	0	0	1985
06	0	124	1063	240	240	3	100	100	100	110	110	147	216	7	69	0	0	155
06	0	125	2002	-1	152	3	100	106	100	100	100	100	288	39	73	0	0	774
06	0	127	1118	301	301	3	100	100	100	100	100	210	100	39	54	0	0	105
06	0	128	1147	190	207	3	100	100	100	175	120	100	175	39	76	0	0	99
06	0	129	1128	197	197	3	100	100	100	100	100	105	216	7	98	0	0	1980
06	0	130	1000	130	144	3	100	110	100	276	100	100	100	39	74	0	0	852
06	0	131	1500	-1	100	3	100	100	100	100	100	100	100	7	84	0	0	1540
06	0	132	1161	100	100	3	100	100	100	270	230	100	106	7	94	0	0	2270
06	0	133	1195	261	261	3	100	141	100	130	110	120	110	39	97	0	0	1980
06	0	134	2082	-1	171	3	100	158	100	100	141	105	120	7	77	0	0	1340
06	0	135	1118	319	319	3	100	100	100	110	120	152	120	39	54	0	0	435
06	0	136	1500	-1	100	3	100	100	100	100	100	100	100	7	84	0	0	1540
06	0	137	1031	309	330	3	100	100	100	100	100	189	141	7	67	0	0	309
06	0	140	1500	-1	100	3	100	100	100	100	100	100	100	7	84	0	0	1540
06	0	141	1500	-1	100	3	100	100	100	100	100	100	100	7	84	0	0	1540
06	0	142	1000	100	100	3	100	100	100	100	100	100	100	7	84	0	0	1540
06	0	143	1500	-1	100	3	100	100	100	100	100	100	100	7	84	0	0	1540
06	0	144	1984	-1	155	3	100	127	100	100	128	100	141	39	93	0	0	1398
06	0	145	2002	-1	152	3	100	100	100	100	100	100	292	7	70	0	0	1934
06	0	146	1000	100	100	3	100	100	100	100	100	100	100	7	84	0	0	1540
06	0	147	1184	255	255	3	100	100	100	100	100	100	245	7	77	0	0	530
06	0	148	1252	212	229	3	100	120	100	100	130	130	130	7	72	0	0	489
06	0	149	1741	-1	202	3	100	100	100	189	152	130	100	39	78	0	0	1038
06	0	151	1000	100	100	3	100	100	100	100	100	100	100	7	84	0	0	1540
06	0	152	1086	234	234	3	100	152	100	100	100	240	100	7	76	0	0	330
06	0	153	1741	-1	171	3	100	106	100	172	202	105	120	39	85	0	0	1181
06	0	154	1000	100	100	3	100	100	100	100	100	100	100	7	84	0	0	1540
06	0	155	1000	100	100	3	100	100	100	100	100	100	100	7	84	0	0	1540
06	0	156	1000	100	100	3	100	100	100	100	100	100	100	7	84	0	0	1540
06	0	158	1095	177	192	3	100	100	100	100	100	177	100	7	103	0	0	2130
06	0	159	1128	238	258	3	100	110	100	100	100	196	141	7	67	0	0	1488
06	0	160	1118	241	258	3	100	120	100	100	100	248	100	7	68	0	0	208
06	0	161	1000	100	100	3	100	100	100	100	100	100	100	7	84	0	0	1540
06	0	162	1031	183	183	3	100	120	100	100	100	183	100	7	92	0	0	1930
06	0	163	1079	290	290	3	100	160	100	154	110	115	100	7	59	0	4	31
06	0	165	1594	-1	168	3	100	120	100	120	100	100	100	39	76	0	0	1240
06	0	166	1692	-1	141	3	100	110	100	110	110	100	189	7	103	0	0	1549
06	0	167	1866	-1	195	3	100	171	100	100	100	183	100	39	72	0	0	807
06	0	169	1000	100	100	3	100	100	100	100	100	100	100	7	84	0	0	1540
06	0	170	1000	120	133	3	100	110	100	219	100	100	133	7	90	0	31	1369
06	0	171	1031	120	133	3	100	100	100	130	152	100	100	7	95	0	0	2105
06	0	172	1692	-1	216	3	100	110	100	100	100	120	216	7	74	0	0	1190
06	0	173	2040	-1	189	3	100	100	100	116	100	100	226	39	56	0	0	105
06	0	174	1569	-1	164	3	100	136	100	100	100	100	176	7	106	0	0	2210
06	0	175	1000	100	100	3	100	100	100	100	100	100	100	7	84	0	0	1540
06	0	176	1161	232	249	3	100	100	100	100	100	110	245	7	82	0	0	1019
06	0	177	1842	-1	164	3	100	141	100	100	100	100	110	7	103	0	0	2145
06	0	178	1827	-1	100	3	100	151	100	120	235	168	100	39	90	0	0	105
06	0	179	1500	-1	100	3	100	100	100	100	100	100	100	7	84	0	0	1540
06	0	180	2110	-1	146	3	100	130	100	100	100	105	216	39	83	0	0	1424
06	0	181	1299	221	221	3	100	151	100	139	100	115	100	7	63	0	0	204
06	0	182	1806	-1	230	3	100	117	100	100	100	110	215	39	64	0	0	178
06	0	183	1095	141	156	3	100	100	100	100	110	100	130	7	79	0	0	1305
06	0	184	1500	-1	100	3	100	100	100	100	100	100	100	7	84	0	0	1540
06	0	185	1128	216	234	3	100	100	100	100	100	100	202	7	96	0	0	1988
06	0	187	1031	120	133	3	100	100	100	100	100	100	120	7	87	0	0	1455
06	0	188	1063	120	120	3	100	100	100	100	100	100	120	7	84	0	0	1540
06	0	189	1031	120	120	3	100	100	100	100	100	100	130	7	84	0	0	1190
06	0	190	1078	191	191	3	100	124	100	119	100	142	158	7	87	0	81	1284
06	0	191	1245	128	128	3	100	133	100	100	100	128	296	39	85	0	163	832
06	0	192	1741	-1	141	3	100	110	100	100	100	100	380	39	78	0	0	1189
06	0	193	1000	100	100	3	100	100	100	100	100	100	100	7	84	0	0	1540
06	0	194	1095	260	260	3	100	130	100	130	130	130	100	39	86	0	0	1944
06	0	195	1095	218	234	3	100	100	100	141	141	141	141	7	87	0	0	1400
06	0	196	1075	276	298	3	100	100	100	147	100	100	185	7	60	0	0	95
06	0	197	1031	125	138	3	100	100	100	100	100	105	120	7	89	0	0	1630
06	0	198	1589	147	161	3	100	120	100	153	100	100	120	7	86	0	0	392
06	0	199	1500	-1	100	3	100	100	100	100	100	100	100	7	84	0	0	1540
06	0	200	1594	-1	492	3	100	110	100	100	100	100	100	39	64	0	0	180
06	0	202	2353	-1	289	3	100	105	100	110	100	100	100	7	58	0	65	128
06	0	203	1031	196	196	3	100	100	100	100	100	100	130	39	83	0	0	1169
06	0	204	1161	255	274	3	100	100	100	100	100	105	230	7	87	0	0	790
06	0	205	1031	125	125	3	100	100	100	100	110	105	110	39	81	0	0	1540
06	0	206	1692	-1	122	3	100	110	100	193	195	100	100	7	95	0	0	1349
06	0	207	1161	255	255	3	100	100	100	110	100	248	100	39	66	0	0	61
06	0	208	2038	-1	233	3	100	152	100	100	110	105	110	7	81	0	0	573
06	0	209	1195	216	216	3	100	100	100	100	130	110	189	39	91	0	0	1401
06	0	210	2002	-1	120	3	100	141	100	130	110	100	141	39	87	0	0	1891
06	0	211	1117	276	296	3	100	110	100	110	106	120	176	7	74	0	0	210
06	0	212	1128	283	304	3	100	110	100	110	120	125	141	39	84	0	0	706
06	0	213	1031	120	120	3	100	100	100	100	100	100	120	7	84	0	0	1540
06	0	214	1594	-1	120	3	100	110	100	100	311	179	118	7	74	0	0	826
06	0	215	1177	231	250	3	100	105	100	100	152	110	164	39	56	0	0	684
06	0	216	1063	158	158	3	100	100	100	100	100	147	100	7	96	0	0	1552
06	0	217	2250	-1	100	3	100	196	100	100	100	100	100	7	103	0	0	1684
06	0	218	1053	139	139	3	100	100	100	337	120	147	112	7	69	0	33	279
06	0	219	1161	244	244	3	100	110	100	110	100	130	176	39	80	0	0	1870
06	0	220	1000	100	100	3	100	100	100	100	100	100	100	7	81	0	0	1540
06	0	221	1031	125	125	3	100	100	100	100	100	105	183	7	86	0	0	1769
06	0	222	1128	261	261	3	100	100	100	100	100	246	110	7	91	0	0	985
06	0	223	1000	100	100	3	100	100	100	100	100	100	100	7	84	0	0	1540
06	0	224	2469	-1	145	3	100	189	100	100	100	100	100	7	79	0	0	634
06	0	225	1195	232	251	3	100	110	100	100	110	110	202	7	81	0	0	985
06	0	226	1692	-1	100	3	100	100	100	141	141	100	100	7	84	0	0	1355
06	0	227	1000	100	100	3	100	100	100	100	100	100	100	7	84	0	0	1540
06	0	228	1046	120	120	3	100	105	100	100	100	100	120	7	95	0	0	1951
06	0	229	1741	-1	100	3	100	100	100	216	260	110	100	39	80	0	0	1320
06	0	230	2040	-1	189	3	100	100	100	100	100	120	216	7	46	0	0	25
06	0	231	1579	-1	151	3	100	100	100	171	100	100	100	39	78	0	0	958
06	0	232	1741	-1	216	3	100	100	100	100	100	100	276	7	79	0	0	1340
06	0	233	1124	221	221	3	100	129	100	119	110	207	100	39	86	0	0	1067
06	0	234	2148	-1	225	3	100	176	100	100	100	100	100	39	63	0	0	1118
06	0	235	1128	260	260	3	100	100	100	100	100	100	260	7	78	0	0	45
06	0	236	1128	197	197	3	100	100	100	100	100	197	100	7	84	0	0	1540
06	0	237	1031	125	125	3	100	100	100	100	110	105	110	39	94	0	0	2051
06	0	238	1161	292	292	3	100	100	100	120	120	110	152	7	102	0	0	1359
06	0	239	1000	100	100	3	100	100	100	100	100	100	100	7	84	0	0	1540
06	0	240	1000	100	100	3	100	100	100	100	100	100	100	7	84	0	0	1540
06	0	241	1271	404	426	3	100	110	100	100	110	100	100	7	59	0	122	19
06	0	242	1500	-1	100	3	100	100	100	100	100	100	100	7	84	0	0	1540
06	0	244	1144	176	176	3	100	132	100	126	110	100	100	7	100	0	0	1790
06	0	245	1184	241	241	3	100	100	100	100	100	176	152	7	76	0	0	1169
06	0	246	1000	236	236	3	100	140	100	100	109	194	151	7	68	0	0	605
06	0	248	1095	171	187	3	100	106	100	100	100	115	160	7	85	0	0	1100
06	0	249	1000	100	100	3	100	100	100	100	100	100	100	7	84	0	0	1540
06	0	250	1546	-1	100	3	100	100	100	120	130	100	100	7	91	0	0	1760
06	0	251	1879	-1	100	3	100	139	100	100	100	100	100	39	96	0	0	1985
06	0	252	1000	100	100	3	100	100	100	100	100	100	100	7	84	0	0	1540
06	0	253	1500	-1	100	3	100	100	100	100	100	100	100	7	84	0	0	1540
06	0	254	1227	219	219	3	100	130	100	130	110	100	100	39	87	0	0	1420
06	0	255	1000	100	100	3	100	100	100	100	100	100	100	7	84	0	0	1540
06	0	256	1500	-1	100	3	100	100	100	100	100	100	100	7	84	0	0	1540
06	0	257	2055	-1	164	3	100	110	100	100	100	100	245	39	71	0	0	1231
06	0	258	1918	-1	141	3	100	105	100	100	100	100	189	7	84	0	0	1540
06	0	260	1095	300	300	3	100	120	100	100	100	136	164	7	67	0	0	545
06	0	261	1843	-1	202	3	100	120	100	100	100	176	152	7	70	0	0	1005
06	0	262	1947	-1	156	3	100	110	100	110	100	100	189	7	110	0	0	1360
06	0	263	1063	120	120	3	100	100	100	430	120	100	120	7	64	0	0	364
06	0	264	1195	159	174	3	100	130	100	152	152	150	100	39	93	0	0	10
06	0	265	1031	147	147	3	100	130	100	120	110	105	100	39	90	0	0	1865
06	0	266	1257	230	230	3	100	100	100	100	184	100	152	7	48	0	0	357
06	0	267	1546	-1	120	3	100	100	100	100	120	100	110	39	93	0	0	1865
06	0	268	1063	141	156	3	100	100	100	100	100	120	130	7	93	0	0	1850
06	0	270	1053	100	100	3	100	100	100	334	161	112	100	7	83	0	0	738
06	0	271	1500	-1	100	3	100	100	100	100	100	100	100	7	84	0	0	1540
06	0	272	1948	-1	176	3	100	106	100	151	100	100	205	39	75	0	0	69
06	0	273	1594	-1	243	3	100	130	100	106	100	255	106	7	94	0	0	1645
06	0	274	1000	136	136	3	100	100	100	100	100	115	110	7	78	0	0	1040
06	0	275	2466	-1	106	3	100	238	100	100	100	100	100	7	48	0	0	68
06	0	276	1792	-1	130	3	100	100	100	100	100	100	202	39	94	0	0	1020
06	0	277	1947	-1	141	3	100	141	100	100	141	100	120	7	90	0	0	1866
06	0	278	1765	-1	120	3	100	105	100	216	230	110	100	7	74	0	0	935
06	0	279	2115	-1	230	3	100	176	100	100	110	100	100	7	89	0	0	615
06	0	280	1000	292	314	3	100	175	100	152	100	100	129	39	86	0	0	670
06	0	281	1000	100	100	3	100	100	100	100	100	100	100	7	84	0	0	1540
06	0	282	1000	100	100	3	100	100	100	100	100	100	100	7	84	0	0	1540
06	0	283	1063	147	162	3	100	100	100	100	100	105	141	7	92	0	0	1630
06	0	284	1594	-1	122	3	100	100	100	100	100	112	486	7	54	0	0	195
06	0	285	2011	-1	198	3	100	183	100	100	100	100	141	7	73	0	0	702
06	0	286	1000	100	100	3	100	100	100	100	100	100	100	7	84	0	0	1540
06	0	287	1843	-1	206	3	100	130	100	100	100	100	202	7	72	0	0	620
06	0	288	2391	-1	105	3	100	246	100	100	100	105	100	7	82	0	0	995
06	0	289	1088	150	150	3	100	100	100	203	100	110	223	39	64	0	0	329
06	0	290	1031	125	125	3	100	100	100	100	100	105	120	7	84	0	0	1376
06	0	292	1161	252	252	3	100	100	100	100	110	158	164	7	73	0	0	510
06	0	293	1000	100	100	3	100	100	100	100	100	100	100	7	84	0	0	1540
06	0	294	1161	252	252	3	100	100	100	100	100	252	100	39	61	0	0	434
06	0	295	1741	-1	264	3	100	120	100	120	152	100	130	7	80	0	0	1020
06	0	296	1500	-1	100	3	100	100	100	100	100	100	100	7	84	0	0	1540
06	0	297	1128	216	216	3	100	100	100	100	100	120	189	7	98	0	0	2060
06	0	298	1221	110	110	3	100	110	100	257	189	100	100	7	73	0	0	454
06	0	299	2002	-1	152	3	100	100	100	100	100	100	292	7	50	0	0	399
06	0	301	1031	225	243	3	100	152	100	100	100	238	100	7	62	0	0	1551
06	0	302	1022	240	240	3	100	152	100	110	100	245	100	7	100	0	0	1270
06	0	303	1031	120	133	3	100	100	100	100	216	292	110	7	74	0	0	15
06	0	304	1692	-1	260	3	100	100	100	164	100	120	100	7	71	0	0	657
06	0	305	1741	-1	196	3	100	100	100	120	189	136	130	39	61	0	0	1399
06	0	306	1000	100	100	3	100	100	100	100	100	100	100	7	84	0	0	1540
06	0	307	1000	100	100	3	100	100	100	100	100	100	100	7	84	0	0	1540
06	0	308	1125	222	239	3	100	100	100	163	191	100	129	39	48	0	103	163
06	0	312	2098	-1	154	3	100	188	100	100	140	109	100	39	84	0	0	687
06	0	313	1345	290	309	3	100	100	100	100	100	100	168	39	67	0	65	28
06	0	314	1063	547	547	3	100	100	100	100	100	120	100	7	52	0	137	499
06	0	315	1031	136	136	3	100	100	100	110	100	105	100	7	84	0	0	1540
06	0	316	1232	244	264	3	100	100	100	100	100	234	100	7	81	0	0	830
06	0	317	1816	-1	123	3	100	115	100	164	189	100	100	7	85	0	0	820
06	0	319	1174	204	221	3	100	148	100	122	100	111	190	39	90	0	163	1032
06	0	320	1161	292	292	3	100	100	100	100	152	100	152	7	82	0	0	734
06	0	321	1000	100	100	3	100	100	100	100	100	100	100	7	84	0	0	1540
06	0	322	1594	-1	100	3	100	100	100	164	141	100	100	7	100	0	0	2035
06	0	323	1692	-1	170	3	100	100	100	100	100	125	152	7	100	0	0	1170
06	0	324	1031	120	120	3	100	100	100	110	100	100	120	7	88	0	0	1660
06	0	325	1740	-1	153	3	100	129	100	100	100	306	100	7	96	0	0	1312
06	0	326	1546	-1	100	3	100	100	100	120	120	110	100	7	94	0	0	2060
06	0	327	1031	120	120	3	100	100	100	100	100	100	130	7	96	0	0	1866
06	0	329	2460	-1	106	3	100	248	100	100	100	100	100	7	38	0	0	834
06	0	330	1000	100	100	3	100	100	100	100	100	100	100	7	92	0	0	1770
06	0	331	1641	-1	109	3	100	100	100	441	120	100	100	7	96	0	0	660
06	0	332	1896	-1	157	3	100	100	100	100	100	100	326	39	47	0	0	505
06	0	333	1063	125	125	3	100	110	100	100	100	105	100	7	81	0	0	1250
06	0	334	1843	-1	200	3	100	110	100	100	100	105	245	39	82	0	0	834
06	0	335	1151	264	264	3	100	100	100	141	130	115	141	7	78	0	0	500
06	0	336	1000	100	100	3	100	100	100	100	100	100	100	7	84	0	0	1540
06	0	337	1000	100	100	3	100	100	100	100	100	100	100	7	84	0	0	1540
06	0	338	1500	-1	100	3	100	100	100	100	100	100	100	7	84	0	0	1540
06	0	339	1031	237	257	3	100	100	100	100	100	308	100	7	79	0	0	20
06	0	340	1095	196	196	3	100	100	100	100	100	342	100	7	85	0	0	841
06	0	341	1545	-1	176	3	100	141	100	100	100	100	164	39	75	0	0	540
06	0	342	2425	-1	120	3	100	158	100	130	120	100	100	39	86	0	0	1031
06	0	343	1320	269	269	3	100	153	100	110	118	100	100	39	64	0	93	292
06	0	344	1740	-1	120	3	100	130	100	100	120	100	100	39	92	0	0	1985
06	0	345	1031	147	147	3	100	100	100	110	100	105	100	39	90	0	0	1885
06	0	346	1815	-1	205	3	100	127	100	100	120	100	220	7	77	0	0	339
06	0	347	1000	100	100	3	100	100	100	100	100	100	100	7	82	0	0	1540
06	0	348	1642	-1	110	3	100	110	100	100	110	100	100	7	86	0	0	1440
06	0	349	1500	-1	100	3	100	100	100	100	100	100	100	7	84	0	0	1540
06	0	350	1160	252	273	3	100	177	100	141	100	105	100	7	44	0	0	129
06	0	351	1022	311	311	3	100	130	100	110	100	120	176	7	75	0	0	32
06	0	352	1031	125	125	3	100	100	100	100	100	105	120	7	84	0	0	1540
06	0	353	1594	-1	110	3	100	100	100	100	100	100	277	39	90	0	0	1243
06	0	354	1546	-1	122	3	100	110	100	110	110	230	100	7	80	0	0	1135
06	0	355	1063	176	176	3	100	100	100	120	100	110	100	7	92	0	0	1940
06	0	356	1896	-1	201	3	100	189	100	110	100	136	100	39	80	0	0	901
06	0	357	1000	100	100	3	100	100	100	100	100	100	100	7	84	0	0	1540
06	0	358	1741	-1	100	3	100	100	100	292	216	100	100	39	89	0	0	1684
06	0	359	1594	-1	110	3	100	100	100	100	100	100	141	7	99	0	0	1990
06	0	360	1000	216	216	3	100	152	100	100	100	216	152	7	72	0	0	1245
06	0	362	1500	-1	100	3	100	100	100	100	100	100	100	7	84	0	0	1540
06	0	363	1299	252	252	3	100	100	100	100	100	195	100	39	79	0	0	252
06	0	365	2236	-1	116	3	100	252	100	110	110	100	100	7	80	0	0	917
06	0	366	1629	-1	207	3	100	171	100	261	110	100	100	7	42	0	0	0
06	0	367	1199	214	234	3	100	100	100	100	100	100	189	7	84	0	0	1050
06	0	368	1268	325	347	3	100	100	100	152	100	100	100	7	59	0	0	42
06	0	369	1546	-1	157	3	100	100	100	265	172	150	100	39	60	0	0	732
06	0	370	1000	100	100	3	100	100	100	100	100	100	100	7	84	0	0	1540
06	0	371	1594	-1	257	3	100	130	100	176	141	115	100	39	65	0	0	335
06	0	372	1031	277	296	3	100	120	100	100	100	217	120	7	84	0	0	558
06	0	373	1827	-1	160	3	100	110	100	202	189	100	100	7	42	0	0	137
06	0	374	1022	335	335	3	100	100	100	100	100	176	152	7	43	0	0	449
06	0	375	1000	100	100	3	100	100	100	100	100	100	100	7	90	0	0	1780
06	0	376	1546	-1	144	3	100	100	100	110	100	100	100	39	92	0	0	1370
06	0	377	1000	100	100	3	100	100	100	100	100	100	100	7	84	0	0	1540
06	0	378	1031	120	120	3	100	100	100	100	100	100	202	39	97	0	0	1331
06	0	379	1642	-1	136	3	100	120	100	164	189	183	100	39	91	0	0	1844
06	0	380	1095	164	180	3	100	100	100	100	100	172	263	39	80	0	0	1052
06	0	381	1780	-1	245	3	100	100	100	220	120	110	100	7	76	0	74	448
06	0	382	1031	309	330	3	100	100	100	100	100	164	164	7	87	0	0	458
06	0	383	1161	238	238	3	100	100	100	100	120	135	189	39	74	0	0	851
06	0	384	1128	245	264	3	100	110	100	100	120	100	216	7	89	0	0	458
06	0	385	1692	-1	130	3	100	120	100	100	120	110	100	39	90	0	0	1320
06	0	386	1617	-1	110	3	100	115	100	100	110	100	100	7	86	0	0	1655
06	0	387	1063	120	133	3	100	100	100	130	120	120	100	7	82	0	0	1480
06	0	388	1000	100	100	3	100	100	100	100	100	100	100	7	84	0	0	1540
06	0	389	1000	152	168	3	100	110	100	100	100	137	116	7	95	0	0	1266
06	0	390	1840	-1	100	3	100	152	100	100	100	100	100	39	89	0	0	1410
06	0	391	1326	240	257	3	100	120	100	110	130	100	130	7	53	0	0	110
06	0	392	1151	178	178	3	100	100	100	120	120	105	120	7	90	0	0	720
06	0	393	1488	192	209	3	100	136	100	141	100	100	100	7	63	0	0	1252
06	0	394	1500	-1	100	3	100	100	100	100	100	100	100	7	84	0	0	1540
06	0	395	1500	-1	100	3	100	100	100	100	100	100	100	7	84	0	0	1540
06	0	396	1837	-1	253	3	100	105	100	100	110	100	216	39	74	0	0	352
06	0	397	1015	130	130	3	100	115	100	110	100	100	100	7	89	0	0	1770
06	0	398	2001	-1	189	3	100	163	100	100	100	100	100	7	66	0	0	502
06	0	400	1579	-1	100	3	100	100	100	176	338	144	100	39	67	0	0	152
06	0	401	1128	253	273	3	100	110	100	110	120	135	152	7	84	0	0	1540
06	0	402	1184	337	360	3	100	100	100	141	100	100	120	39	69	0	0	1291
06	0	403	1000	100	100	3	100	100	100	100	100	100	100	7	84	0	0	1540
06	0	404	1161	344	344	3	100	100	100	176	100	100	100	39	85	0	0	1349
06	0	405	1031	136	136	3	100	100	100	110	100	105	100	7	84	0	0	1540
06	0	406	1665	-1	100	3	100	125	100	100	100	100	100	39	87	0	0	1500
06	0	407	1031	100	100	3	100	100	100	130	120	100	100	7	89	0	0	1760
06	0	408	1866	-1	265	3	100	125	100	110	130	110	120	39	75	0	0	535
06	0	409	1151	263	282	3	100	100	100	100	100	224	110	7	48	0	0	159
06	0	410	1111	174	191	3	100	198	100	100	221	110	110	7	57	0	0	0
06	0	412	1776	-1	244	3	100	100	100	100	100	260	100	7	46	0	0	124
06	0	413	1195	231	249	3	100	100	100	100	120	120	189	39	90	0	0	842
06	0	414	1161	276	276	3	100	100	100	110	130	120	152	7	93	0	0	1638
06	0	415	1741	-1	100	3	100	100	100	216	292	100	100	7	75	0	0	245
06	0	416	1741	-1	234	3	100	100	100	100	100	280	100	39	57	0	0	480
06	0	417	1594	-1	130	3	100	110	100	100	100	100	100	7	89	0	0	1770
06	0	418	1500	-1	100	3	100	100	100	100	100	100	100	7	84	0	0	1540
06	0	419	1063	152	152	3	100	100	100	100	100	100	152	7	108	0	0	2230
06	0	420	1594	-1	134	3	100	120	100	130	120	100	100	7	96	0	0	1760
06	0	422	1500	-1	100	3	100	100	100	100	100	100	100	7	84	0	0	1540
06	0	423	1741	-1	176	3	100	110	100	216	164	100	100	7	70	0	0	1060
06	0	424	1110	100	100	3	100	188	100	307	120	100	100	39	73	0	0	580
06	0	425	1031	120	133	3	100	100	100	100	100	100	120	7	86	0	0	1640
06	0	426	1000	100	100	3	100	100	100	100	100	100	100	7	84	0	0	1540
06	0	427	1028	278	278	3	100	148	100	110	209	100	100	7	59	0	0	61
06	0	428	1184	216	216	3	100	100	100	120	172	120	141	7	109	0	0	1290
06	0	429	1822	-1	287	3	100	129	100	120	129	100	110	39	81	0	0	389
06	0	430	1741	-1	100	3	100	100	100	292	216	100	100	39	64	0	0	681
06	0	431	1500	-1	100	3	100	100	100	100	100	100	100	7	84	0	0	1540
06	0	432	1128	230	230	3	100	100	100	100	100	126	256	7	82	0	0	767
06	0	433	1000	136	136	3	100	100	100	100	100	115	110	7	84	0	0	1540
06	0	434	1335	216	216	3	100	100	100	100	100	100	216	7	85	0	0	1350
06	0	435	1000	100	100	3	100	100	100	100	100	100	100	7	84	0	0	1540
06	0	436	1107	274	274	3	100	100	100	100	149	120	161	39	79	0	0	271
06	0	437	1395	225	244	3	100	164	100	100	100	100	100	7	87	0	0	867
06	0	438	1063	152	152	3	100	100	100	100	100	110	141	39	108	0	0	2130
06	0	439	1095	176	176	3	100	100	100	100	100	152	120	7	96	0	0	2049
06	0	440	1899	-1	375	3	100	115	100	100	100	100	100	7	65	0	0	246
06	0	441	2002	-1	268	3	100	141	100	100	110	105	110	7	78	0	0	840
06	0	442	1063	251	270	3	100	130	100	100	100	236	100	7	72	0	0	945
06	0	443	1718	100	100	3	100	216	100	100	100	100	100	7	90	0	0	1540
06	0	445	1500	-1	100	3	100	100	100	100	100	100	100	7	84	0	0	1540
06	0	446	1195	246	263	3	100	152	100	110	110	141	100	7	83	0	0	1149
06	0	447	1854	-1	211	3	100	115	100	100	100	141	189	39	55	0	0	360
06	0	448	1031	125	125	3	100	100	100	100	110	105	110	7	89	0	0	1740
06	0	450	1893	-1	141	3	100	141	100	110	110	100	100	7	90	0	0	1449
06	0	451	1500	-1	100	3	100	100	100	100	100	100	100	7	84	0	0	1540
06	0	452	1183	100	100	3	100	100	100	235	256	100	112	7	72	0	0	211
06	0	453	1031	125	125	3	100	100	100	100	110	105	110	7	89	0	0	1745
06	0	454	1046	120	120	3	100	105	100	100	100	120	100	7	89	0	0	1745
06	0	455	1161	224	224	3	100	100	100	100	100	105	276	7	61	0	0	717
06	0	456	1642	-1	193	3	100	100	100	100	164	100	176	7	82	0	0	831
06	0	457	1000	176	176	3	100	100	100	100	100	130	120	7	97	0	0	2191
06	0	458	1118	172	172	3	100	100	100	112	100	100	368	7	54	0	0	94
06	0	459	1086	316	316	3	100	110	100	133	100	152	120	7	62	0	0	94
06	0	460	1161	164	164	3	100	100	100	155	141	106	202	7	78	0	0	1045
06	0	461	1500	-1	100	3	100	100	100	100	100	100	100	7	84	0	0	1540
06	0	462	1594	-1	156	3	100	110	100	152	152	100	100	39	91	0	0	1240
06	0	463	1000	100	100	3	100	100	100	100	100	100	100	7	84	0	0	1540
06	0	464	1000	100	100	3	100	100	100	100	100	100	100	7	84	0	0	1540
06	0	465	1997	140	140	3	100	110	100	100	100	100	100	39	47	0	0	145
06	0	466	1000	141	141	3	100	110	100	110	100	100	100	7	92	0	0	1775
06	0	467	1500	-1	249	3	100	110	100	110	100	120	120	39	82	0	0	1007
06	0	468	1118	255	275	3	100	100	100	100	110	120	216	39	44	0	0	9
06	0	469	1000	120	120	3	100	100	100	100	100	141	141	7	96	0	0	1794
06	0	470	1366	235	253	3	100	171	100	110	100	100	100	7	82	0	0	1220
06	0	471	1095	177	192	3	100	100	100	100	120	110	141	7	89	0	0	1990
06	0	472	1677	-1	134	3	100	106	100	266	178	105	126	7	61	0	0	31
06	0	473	1000	100	100	3	100	100	100	100	100	100	100	7	84	0	0	1540
06	0	474	1031	125	125	3	100	100	100	100	110	105	110	39	91	0	0	1675
06	0	475	1184	225	225	3	100	100	100	100	100	276	100	7	96	0	0	382
06	0	476	1500	-1	100	3	100	100	100	100	100	100	100	7	84	0	0	1540
06	0	477	1031	125	125	3	100	100	100	100	110	105	110	7	86	0	0	1740
06	0	478	1161	318	318	3	100	100	100	141	100	115	120	39	74	0	0	920
06	0	479	1031	100	100	3	100	100	100	244	154	100	100	39	88	0	0	1476
06	0	480	1761	-1	216	3	100	120	100	152	159	120	110	39	83	0	0	870
06	0	481	1063	141	141	3	100	100	100	100	100	100	164	7	87	0	0	1470
06	0	482	1792	-1	213	3	100	120	100	106	100	105	240	7	87	0	0	940
06	0	483	1000	100	100	3	100	100	100	100	100	100	100	7	84	0	0	1540
06	0	484	1161	246	265	3	100	100	100	100	100	216	120	39	87	0	0	792
06	0	485	2010	-1	200	3	100	147	100	100	152	100	120	39	78	0	0	1391
06	0	486	1161	216	216	3	100	100	100	100	100	100	276	7	91	0	0	1767
06	0	487	1000	100	100	3	100	100	100	100	100	100	100	7	84	0	0	1540
06	0	488	1000	164	164	3	100	120	100	120	100	120	100	7	88	0	0	1575
06	0	489	1500	-1	105	3	100	100	100	100	100	105	100	7	84	0	0	1376
06	0	490	1000	125	125	3	100	110	100	100	100	125	100	7	84	0	0	1440
06	0	491	1195	246	246	3	100	110	100	110	130	110	152	7	97	0	0	1880
06	0	492	1231	225	244	3	100	100	100	100	133	189	110	7	82	0	0	342
06	0	493	1128	246	265	3	100	110	100	110	100	120	202	39	78	0	0	517
06	0	494	1184	225	265	3	100	100	100	106	100	106	234	7	75	0	0	10
06	0	496	1000	100	100	3	100	100	100	100	100	100	100	7	84	0	0	1540
06	0	497	1656	-1	141	3	100	100	100	168	280	100	106	39	77	0	0	355
06	0	498	1000	100	100	3	100	100	100	100	100	100	100	7	84	0	0	1540
06	0	499	1741	-1	292	3	100	100	100	202	100	100	100	7	86	0	0	1590
06	0	500	1642	-1	241	3	100	120	100	177	100	158	100	7	102	0	0	193
06	0	502	2175	-1	152	3	100	111	100	100	100	100	216	7	95	0	0	1873
06	0	503	1161	299	321	3	100	100	100	164	100	115	100	7	101	0	0	2022
06	0	504	1063	184	184	3	100	110	100	100	100	105	176	7	105	0	0	1472
06	0	505	2092	-1	189	3	100	152	100	100	141	100	120	39	67	0	0	772
06	0	506	1175	212	229	3	100	116	100	198	148	100	100	7	74	0	0	22
06	0	507	1000	100	100	3	100	100	100	100	100	100	100	7	84	0	0	1540
06	0	508	1184	286	286	3	100	100	100	100	100	100	216	7	84	0	0	860
06	0	509	1894	-1	120	3	100	120	100	100	100	100	100	39	76	0	28	1201
06	0	510	1031	272	272	3	100	100	100	194	100	177	100	7	86	0	0	421
06	0	511	2044	-1	120	3	100	100	100	164	195	100	141	7	76	0	0	200
06	0	512	1233	243	285	3	100	100	100	100	141	100	164	39	65	0	0	0
06	0	513	1546	-1	100	3	100	100	100	120	410	147	100	39	47	0	0	600
06	0	514	1184	137	137	3	100	100	100	260	189	100	100	7	56	0	0	218
06	0	515	1000	100	100	3	100	100	100	100	100	100	100	7	84	0	0	1540
06	0	516	1270	120	120	3	100	263	100	100	100	145	133	39	59	0	0	902
06	0	518	1115	193	209	3	100	120	100	159	132	105	173	39	71	0	0	104
06	0	519	1257	252	275	3	100	100	100	100	100	100	216	7	74	0	0	155
06	0	520	1957	-1	157	3	100	105	100	141	141	105	176	39	71	0	0	450
06	0	521	1161	230	230	3	100	100	100	100	100	100	276	7	84	0	0	1499
06	0	523	1500	-1	100	3	100	100	100	100	100	100	100	7	84	0	0	1540
06	0	524	1128	125	125	3	100	100	100	100	100	105	141	7	87	0	0	1522
06	0	525	1086	436	436	3	100	100	100	100	100	136	134	7	46	0	111	110
06	0	526	2026	-1	183	3	100	105	100	100	100	115	216	7	91	0	0	955
06	0	527	1095	216	234	3	100	120	100	100	100	284	100	7	95	0	0	955
06	0	528	1000	100	100	3	100	100	100	100	100	100	100	7	84	0	0	1540
06	0	529	1918	-1	130	3	100	136	100	100	130	100	100	39	104	0	0	2096
06	0	530	1063	190	190	3	100	110	100	110	120	110	120	7	91	0	0	2096
06	0	531	2448	-1	112	3	100	243	100	100	100	100	100	7	71	0	0	0
06	0	532	1241	197	215	3	100	144	100	100	100	198	112	7	62	0	0	99
06	0	536	1692	-1	100	3	100	100	100	216	189	110	100	39	82	0	0	1950
06	0	539	1692	-1	234	3	100	110	100	100	100	100	276	7	83	0	0	565
06	0	540	1521	100	100	3	100	216	100	100	100	100	141	7	83	0	0	1495
06	0	541	1095	284	304	3	100	141	100	141	110	115	100	7	81	0	0	1840
06	0	542	1022	248	265	3	100	152	100	100	100	115	216	7	84	0	0	536
06	0	543	1665	-1	120	3	100	125	100	100	100	100	100	7	94	0	0	1575
06	0	544	1000	327	327	3	100	110	100	100	100	190	141	7	70	0	0	126
06	0	545	1128	222	242	3	100	110	100	100	100	272	100	7	83	0	0	300
06	0	546	1945	-1	246	3	100	141	100	110	141	100	110	7	66	0	0	440
06	0	547	1195	245	306	3	100	100	100	110	100	100	189	7	63	0	0	567
06	0	548	1000	100	100	3	100	100	100	100	100	100	100	7	84	0	0	1540
06	0	549	1556	130	144	3	100	164	100	110	100	100	120	39	92	0	42	1450
06	0	550	1000	100	100	3	100	100	100	100	100	100	100	7	84	0	0	1540
06	0	551	1195	216	216	3	100	110	100	100	120	176	110	7	102	0	0	2095
06	0	552	1746	-1	222	3	100	152	100	207	110	100	100	7	58	0	0	31
06	0	553	1692	-1	100	3	100	100	100	225	189	100	106	7	95	0	0	1650
06	0	554	1022	361	383	3	100	100	100	193	100	110	110	7	60	0	0	14
06	0	555	1185	243	243	3	100	110	100	170	100	120	120	7	68	0	0	203
06	0	556	1896	-1	193	3	100	141	100	100	141	100	100	7	94	0	0	1320
06	0	557	1022	314	314	3	100	100	100	100	100	197	152	7	49	0	0	18
06	0	558	1000	100	100	3	100	100	100	100	100	100	100	7	84	0	0	1540
06	0	559	1063	141	141	3	100	100	100	100	100	100	164	7	103	0	0	2145
06	0	560	1500	-1	100	3	100	100	100	100	100	100	100	7	84	0	0	1540
06	0	561	1594	-1	134	3	100	100	100	106	111	140	386	39	84	0	0	562
06	0	562	1063	100	112	3	100	100	100	152	141	100	100	7	103	0	0	2130
06	0	563	1896	-1	216	3	100	130	100	100	164	100	120	7	78	0	0	1507
06	0	564	1692	-1	120	3	100	120	100	100	120	100	100	7	99	0	0	2107
06	0	565	1692	-1	139	3	100	100	100	100	100	105	141	39	82	0	0	1366
06	0	567	1500	-1	100	3	100	100	100	100	100	100	100	7	84	0	0	1540
06	0	568	1161	216	234	3	100	100	100	100	152	106	197	7	104	0	0	1619
06	0	569	2053	-1	222	3	100	164	100	110	110	105	100	7	80	0	0	1195
06	0	570	1053	563	593	3	100	100	100	110	100	100	100	7	47	0	0	5
06	0	571	1368	150	150	3	100	109	100	168	100	100	179	39	70	0	0	178
06	0	572	1079	202	220	3	100	174	100	100	100	100	234	39	58	0	0	249
06	0	575	1161	260	260	3	100	100	100	100	100	216	100	7	64	0	0	354
06	0	576	2337	-1	110	3	100	230	100	100	100	100	100	7	69	0	0	604
06	0	577	1741	-1	152	3	100	152	100	152	176	100	100	7	75	0	0	58
06	0	578	1500	-1	260	3	100	152	100	100	100	100	216	7	59	0	0	340
06	0	579	1789	-1	176	3	100	164	100	176	141	100	100	39	74	0	0	936
06	0	580	1000	100	100	3	100	100	100	100	100	100	100	7	84	0	0	1540
06	0	581	1063	164	164	3	100	100	100	120	110	100	110	7	95	0	0	1742
06	0	582	1000	100	100	3	100	100	100	100	100	100	100	7	84	0	0	1540
06	0	584	1063	159	159	3	100	100	100	110	110	105	120	39	101	0	0	1790
06	0	585	1594	-1	193	3	100	100	100	120	100	100	100	7	90	0	0	1242
06	0	586	1161	230	230	3	100	100	100	110	202	100	141	7	77	0	0	595
06	0	587	1000	100	100	3	100	100	100	100	100	100	100	7	84	0	0	1540
06	0	588	1918	-1	147	3	100	147	100	100	141	105	100	7	81	0	0	1110
06	0	589	1031	136	136	3	100	100	100	110	100	105	100	39	87	0	0	1500
06	0	590	1500	-1	100	3	100	100	100	100	100	100	100	7	84	0	0	1540
06	0	591	1594	-1	141	3	100	100	100	100	110	100	141	7	85	0	0	1750
06	0	592	1254	236	236	3	100	188	100	126	100	115	100	7	80	0	0	6
06	0	593	1792	-1	100	3	100	167	100	100	100	134	100	7	101	0	0	1798
06	0	596	2133	-1	193	3	100	156	100	100	110	100	141	7	68	0	0	295
06	0	597	1594	-1	151	3	100	106	100	100	100	100	146	39	98	0	0	1589
06	0	598	1352	245	245	3	100	110	100	100	100	100	100	39	80	0	0	589
06	0	599	1161	115	115	3	100	100	100	216	216	105	100	7	90	0	0	1920
06	0	600	1257	252	275	3	100	100	100	100	110	100	202	7	79	0	0	1016
06	0	601	2103	-1	142	3	100	173	100	100	110	100	118	39	74	0	0	619
06	0	602	1000	100	100	3	100	100	100	100	100	100	100	7	84	0	0	1540
06	0	603	1642	-1	177	3	100	100	100	100	100	189	100	7	85	0	0	1692
06	0	604	2248	-1	164	3	100	211	100	100	100	100	100	39	88	0	0	690
06	0	605	1500	-1	100	3	100	100	100	100	100	100	100	7	84	0	0	1540
06	0	606	1848	-1	255	3	100	100	100	100	176	100	152	7	81	0	0	1017
06	0	608	1000	100	100	3	100	100	100	100	100	100	100	7	84	0	0	1540
06	0	609	1000	100	100	3	100	100	100	100	100	100	100	7	84	0	0	1540
06	0	610	1500	-1	100	3	100	100	100	100	100	100	100	7	84	0	0	1540
06	0	611	1500	-1	100	3	100	100	100	100	100	100	100	7	78	0	0	1540
06	0	612	1000	100	100	3	100	100	100	100	100	100	100	7	84	0	0	1540
06	0	613	1128	189	189	3	100	110	100	152	130	130	100	7	92	0	0	1224
06	0	614	1000	120	120	3	100	110	100	100	100	120	100	7	84	0	0	1540
06	0	615	1741	-1	216	3	100	100	100	100	100	292	100	7	102	0	0	1976
06	0	616	1815	-1	152	3	100	136	100	100	130	100	100	7	103	0	0	2130
06	0	617	1053	312	312	3	100	100	100	100	100	170	164	39	75	0	0	774
06	0	618	1482	146	146	3	100	202	100	110	100	115	100	39	87	0	0	824
06	0	619	1128	252	252	3	100	110	100	100	100	237	100	7	86	0	0	774
06	0	621	1128	196	196	3	100	110	100	130	120	238	100	7	91	0	0	1380
06	0	622	1031	176	176	3	100	110	100	130	100	100	100	7	86	0	0	1370
06	0	623	1741	-1	234	3	100	120	100	141	100	100	189	39	68	0	0	437
06	0	624	1747	-1	215	3	100	100	100	207	192	100	100	7	78	0	83	789
06	0	625	1500	-1	100	3	100	100	100	100	100	100	100	7	84	0	0	1540
06	0	626	1122	238	238	3	100	100	100	100	186	100	208	7	58	0	96	302
06	0	627	1161	171	171	3	100	130	100	100	100	216	100	7	84	0	0	869
06	0	628	1151	355	355	3	100	110	100	141	110	100	110	7	79	0	0	830
06	0	629	2098	-1	196	3	100	172	100	100	144	100	100	7	59	0	83	239
06	0	630	1840	-1	164	3	100	141	100	100	100	100	100	7	71	0	0	1355
06	0	631	2503	-1	100	3	100	252	100	100	100	100	100	7	63	0	0	659
06	0	632	1161	216	216	3	100	100	100	100	100	312	100	7	62	0	0	509
06	0	633	1000	100	100	3	100	100	100	100	100	100	100	7	84	0	0	1540
06	0	634	2211	-1	185	3	100	151	100	100	110	100	141	7	69	0	0	609
06	0	635	1232	276	276	3	100	100	100	100	100	100	216	7	71	0	0	409
06	0	636	1232	283	283	3	100	100	100	110	100	105	189	7	73	0	0	620
06	0	637	1161	245	245	3	100	100	100	118	100	100	244	7	71	0	0	100
06	0	638	1000	147	162	3	100	120	100	100	100	147	100	39	90	0	0	1530
06	0	639	1000	125	125	3	100	110	100	100	100	105	120	7	84	0	0	1540
06	0	640	1053	302	349	3	100	120	100	120	100	156	120	7	63	0	0	20
06	0	641	1000	100	100	3	100	100	100	100	100	100	100	7	84	0	0	1540
06	0	642	1161	292	292	3	100	100	100	100	120	100	189	39	72	0	0	1191
06	0	643	2547	-1	100	3	100	222	100	100	100	100	100	7	93	0	0	1760
06	0	644	1500	-1	100	3	100	100	100	100	100	100	100	7	84	0	0	1540
06	0	645	1500	-1	100	3	100	100	100	100	100	100	100	7	84	0	0	1540
06	0	647	1986	-1	282	3	100	100	100	100	120	125	120	39	77	0	0	300
06	0	648	1141	227	227	3	100	100	100	130	100	105	100	7	82	0	0	966
06	0	649	1141	186	186	3	100	100	100	100	100	171	100	7	82	0	0	866
06	0	650	1878	-1	100	3	100	148	100	100	100	100	100	7	79	0	0	816
06	0	651	1063	183	200	3	100	100	100	100	100	125	152	7	94	0	0	1292
06	0	652	1191	262	282	3	100	100	100	100	100	110	220	39	76	0	83	764
06	0	653	1184	269	269	3	100	100	100	100	110	100	216	7	59	0	0	25
06	0	654	2025	-1	189	3	100	115	100	100	120	100	189	7	66	0	0	5
06	0	655	1000	100	100	3	100	100	100	100	100	100	100	7	84	0	0	1540
06	0	657	1000	100	100	3	100	100	100	100	100	100	100	7	84	0	0	1540
06	0	659	1000	100	100	3	100	100	100	100	100	100	100	7	84	0	0	1540
06	0	662	1438	243	264	3	100	160	100	100	100	100	100	39	80	0	0	10
06	0	663	1184	225	244	3	100	118	100	100	100	100	243	7	85	0	0	88
06	0	664	1500	-1	100	3	100	100	100	100	100	100	100	7	84	0	0	1540
06	0	665	1000	100	100	3	100	100	100	100	100	100	100	7	84	0	0	1540
06	0	666	1069	130	144	3	100	100	100	100	100	110	228	7	98	0	0	1421
06	0	667	1500	-1	100	3	100	100	100	100	100	100	100	7	84	0	0	1540
06	0	668	1612	-1	100	3	100	100	100	120	281	100	100	39	98	0	0	1112
06	0	669	1000	100	100	3	100	100	100	100	100	100	100	7	84	0	0	1540
06	0	670	1063	110	110	3	100	110	100	100	110	110	100	7	84	0	0	1540
06	0	671	1000	292	292	3	100	100	100	100	100	152	216	7	63	0	0	1730
06	0	672	1843	-1	164	3	100	120	100	230	141	100	100	7	71	0	0	1330
06	0	673	1031	591	591	3	100	100	100	110	100	100	100	7	66	0	0	1228
06	0	674	1500	-1	100	3	100	100	100	100	100	100	100	7	84	0	0	1540
06	0	675	1522	-1	100	3	100	105	100	100	100	100	100	7	95	0	0	2105
06	0	676	1818	-1	112	3	100	115	100	216	230	100	100	39	83	0	0	425
06	0	677	1088	203	203	3	100	100	100	203	100	178	100	7	69	0	0	29
06	0	678	2022	-1	168	3	100	141	100	100	144	100	100	7	88	0	0	1366
06	0	679	1184	198	198	3	100	100	100	126	202	100	148	7	75	0	0	970
06	0	680	1603	-1	257	3	100	143	100	100	100	201	130	7	60	0	0	117
06	0	681	1000	100	100	3	100	100	100	100	100	100	100	7	84	0	0	1540
06	0	682	2026	-1	164	3	100	115	100	122	100	100	219	7	71	0	0	387
06	0	683	1594	-1	110	3	100	110	100	110	110	100	100	7	88	0	0	1760
06	0	684	1665	-1	152	3	100	115	100	100	100	100	120	7	84	0	0	1540
06	0	685	1000	100	100	3	100	100	100	100	100	100	100	7	84	0	0	1540
06	0	686	1252	240	240	3	100	110	100	100	100	100	216	7	63	0	0	640
06	0	687	1500	-1	100	3	100	100	100	100	100	100	100	7	84	0	0	1540
06	0	689	1184	279	279	3	100	100	100	110	100	210	100	39	54	0	0	362
06	0	690	2481	-1	120	3	100	211	100	100	100	100	100	39	81	0	0	212
06	0	691	1304	255	255	3	100	189	100	100	110	100	100	7	61	0	0	112
06	0	692	1000	100	100	3	100	100	100	100	100	100	100	7	84	0	0	1540
06	0	693	1500	-1	100	3	100	100	100	100	100	100	100	7	84	0	0	1540
06	0	694	1095	284	284	3	100	120	100	100	100	105	216	7	74	0	0	370
06	0	695	1161	231	231	3	100	110	100	110	141	141	141	7	69	0	0	518
06	0	696	1264	176	192	3	100	100	100	112	100	100	265	7	52	0	0	112
06	0	697	1546	-1	394	3	100	100	100	100	100	147	130	7	50	0	0	29
06	0	698	1031	354	354	3	100	100	100	258	100	100	100	7	47	0	0	110
06	0	699	1184	225	244	3	100	106	100	100	100	106	248	39	83	0	0	535
06	0	700	2440	-1	148	3	100	189	100	100	100	100	100	7	72	0	0	130
06	0	701	1110	100	100	3	100	125	100	100	100	100	100	7	89	0	0	1740
06	0	702	1128	189	206	3	100	100	100	100	100	100	216	7	93	0	0	1730
06	0	703	2079	-1	152	3	100	171	100	141	130	100	100	7	86	0	0	780
06	0	704	1000	100	100	3	100	100	100	100	100	100	100	7	84	0	0	1540
06	0	705	1500	-1	100	3	100	100	100	100	100	100	100	7	84	0	0	1540
06	0	706	1546	-1	100	3	100	100	100	130	120	100	100	7	100	0	0	1859
06	0	707	1968	-1	175	3	100	110	100	168	116	100	168	39	56	0	0	102
06	0	708	1726	-1	244	3	100	110	100	100	100	276	100	7	70	0	0	435
06	0	709	2008	-1	224	3	100	100	100	100	116	100	202	7	74	0	0	285
06	0	710	1000	100	100	3	100	100	100	100	100	100	100	7	84	0	0	1540
06	0	711	1078	202	202	3	100	346	100	110	100	100	100	39	52	0	0	267
06	0	712	1161	176	176	3	100	100	100	120	141	152	110	39	83	0	0	1450
06	0	713	1195	202	202	3	100	130	100	189	130	100	100	7	85	0	0	1700
06	0	714	1972	-1	152	3	100	171	100	100	100	110	120	7	81	0	0	570
06	0	715	1665	-1	100	3	100	125	100	100	100	100	100	39	96	0	0	1675
06	0	716	1063	147	147	3	100	100	100	100	120	105	120	7	84	0	0	1540
06	0	717	2199	-1	216	3	100	182	100	100	100	100	100	7	82	0	0	315
06	0	718	1801	-1	197	3	100	125	100	120	160	136	120	39	74	0	0	635
06	0	719	1500	-1	158	3	100	110	100	100	110	136	110	7	84	0	0	1540
06	0	720	1095	183	183	3	100	100	100	100	130	115	130	7	95	0	0	2140
06	0	721	1184	263	284	3	100	100	100	100	120	105	189	7	89	0	0	815
06	0	723	1151	248	248	3	100	110	100	100	100	105	245	7	63	0	0	670
06	0	724	1500	-1	100	3	100	100	100	100	100	100	100	7	84	0	0	1540
06	0	725	1629	-1	240	3	100	120	100	100	100	260	110	7	86	0	0	1107
06	0	726	1000	100	100	3	100	100	100	100	100	100	100	7	84	0	0	1540
06	0	727	1151	249	249	3	100	110	100	100	100	147	189	7	84	0	0	389
06	0	728	1740	-1	265	3	100	120	100	110	162	120	120	39	75	0	0	1217
06	0	729	1741	-1	100	3	100	100	100	276	216	100	100	7	100	0	0	2240
06	0	730	2002	-1	182	3	100	152	100	100	189	100	100	39	70	0	0	17
06	0	731	1229	237	257	3	100	100	100	100	152	105	152	39	71	0	0	139
06	0	732	1195	326	326	3	100	110	100	130	120	100	110	7	97	0	0	1140
06	0	733	1031	245	245	3	100	100	100	100	100	141	141	7	79	0	0	1440
06	0	734	1161	260	280	3	100	100	100	141	130	100	141	39	63	0	0	169
06	0	735	1184	279	298	3	100	100	100	152	130	105	110	39	73	0	0	54
06	0	736	1095	236	257	3	100	110	100	100	100	256	110	7	60	0	0	4
06	0	737	1692	-1	214	3	100	110	100	189	164	115	100	39	66	0	0	124
06	0	738	1842	-1	136	3	100	141	100	100	130	105	100	39	91	0	0	1300
06	0	739	1546	-1	100	3	100	100	100	120	120	100	100	39	91	0	0	1760
06	0	740	1031	120	133	3	100	100	100	171	100	100	120	7	83	0	55	1329
06	0	741	1031	125	125	3	100	100	100	100	110	105	110	7	84	0	0	1540
06	0	742	1000	100	100	3	100	100	100	100	100	100	100	7	84	0	0	1540
06	0	743	1594	-1	120	3	100	100	100	120	141	100	120	7	90	0	0	1735
06	0	744	1111	268	268	3	100	125	100	120	100	184	100	7	92	0	0	1438
06	0	746	1161	230	230	3	100	100	100	100	100	290	100	39	71	0	0	471
06	0	747	1971	-1	110	3	100	170	100	100	110	100	100	7	89	0	0	1535
06	0	748	1546	-1	100	3	100	100	100	120	120	110	100	7	98	0	0	1969
06	0	749	1095	164	164	3	100	100	100	100	100	100	164	7	91	0	0	1760
06	0	750	1031	244	244	3	100	130	100	120	100	141	120	7	105	0	0	1910
06	0	751	1741	-1	120	3	100	100	100	100	100	100	152	7	89	0	0	1680
06	0	752	1791	-1	100	3	100	110	100	245	230	100	100	7	102	0	0	2190
06	0	753	1594	-1	100	3	100	100	100	164	141	100	100	7	92	0	0	1935
06	0	754	1063	190	190	3	100	110	100	110	100	120	141	7	96	0	0	1990
06	0	755	1063	159	159	3	100	100	100	100	120	105	120	7	97	0	0	1970
06	0	756	1015	190	190	3	100	136	100	110	100	110	141	39	91	0	0	1600
06	0	757	2212	-1	162	3	100	232	100	100	100	100	100	39	65	0	0	967
06	0	758	1000	130	130	3	100	100	100	100	100	365	133	39	83	0	0	967
06	0	759	1776	-1	118	3	100	106	100	243	216	100	112	39	64	0	0	210
06	0	762	1128	261	261	3	100	110	100	100	120	177	120	7	90	0	0	1380
06	0	763	1031	125	125	3	100	100	100	100	100	125	100	7	90	0	0	1750
06	0	764	1095	130	130	3	100	120	100	100	100	100	141	7	93	0	0	1990
06	0	765	1413	216	216	3	100	190	100	100	100	100	100	7	62	0	0	0
06	0	766	1161	216	216	3	100	100	100	100	110	100	276	7	93	0	0	1710
06	0	767	1692	-1	189	3	100	100	100	100	100	230	100	7	97	0	0	1682
06	0	768	1242	227	227	3	100	110	100	110	130	125	141	7	91	0	0	1690
06	0	769	1053	132	132	3	100	100	100	100	100	475	100	39	54	0	0	96
06	0	770	1195	216	234	3	100	100	100	100	100	100	260	7	95	0	0	1523
06	0	771	1948	-1	141	3	100	141	100	120	230	100	100	7	93	0	0	1470
06	0	772	1579	-1	154	3	100	100	100	112	110	100	447	39	53	0	0	330
06	0	773	1053	137	151	3	100	126	100	110	100	333	137	7	52	0	0	380
06	0	774	1500	-1	100	3	100	100	100	100	100	100	100	7	106	0	0	555
06	0	775	1579	-1	154	3	100	100	100	112	100	100	465	39	54	0	0	630
06	0	776	1110	164	164	3	100	146	100	100	100	100	141	7	101	0	0	1782
06	0	777	1161	292	292	3	100	100	100	184	100	100	124	39	85	0	0	1010
06	0	778	1000	344	367	3	100	106	100	106	100	152	152	7	72	0	0	1132
06	0	779	1852	-1	216	3	100	115	100	141	152	100	120	7	87	0	0	690
06	0	780	1816	-1	110	3	100	115	100	216	216	106	106	7	88	0	0	830
06	0	781	1128	261	281	3	100	130	100	110	100	177	100	7	90	0	0	1890
06	0	782	2481	-1	100	3	100	238	100	100	100	100	100	7	83	0	0	475
06	0	783	1044	248	268	3	100	190	100	100	100	100	177	7	72	0	0	405
06	0	784	1522	-1	100	3	100	105	100	100	100	100	100	7	102	0	0	1757
06	0	785	1692	-1	105	3	100	100	100	230	189	105	100	39	94	0	0	1450
06	0	786	1257	335	358	3	100	100	100	152	100	100	100	39	67	0	0	517
06	0	787	1257	196	213	3	100	100	100	189	164	100	100	39	68	0	0	461
06	0	788	1063	240	240	3	100	100	100	164	120	136	152	39	68	0	0	807
06	0	789	1617	-1	110	3	100	115	100	100	110	100	100	7	87	0	0	1500
06	0	790	1053	106	106	3	100	100	100	120	132	110	437	7	61	0	74	473
06	0	791	1500	-1	100	3	100	100	100	100	100	542	100	39	66	0	0	294
06	0	792	1986	-1	148	3	100	130	100	120	130	100	189	7	100	0	0	1780
06	0	794	1031	125	125	3	100	100	100	100	110	105	110	7	90	0	0	1750
06	0	795	1063	100	100	3	100	100	100	217	260	147	100	7	102	0	0	1610
06	0	799	1200	130	130	3	100	146	100	100	137	170	100	39	81	0	0	620
06	0	800	1161	268	268	3	100	100	100	110	100	115	202	7	85	0	0	73
06	0	801	1818	-1	321	3	100	120	100	128	100	100	109	39	63	0	0	114
06	0	802	1767	-1	317	3	100	110	100	128	110	100	118	39	65	0	29	287
06	0	803	1929	-1	189	3	100	120	100	100	116	100	216	7	77	0	0	80
06	0	804	1309	309	331	3	100	120	100	100	100	100	100	7	61	0	0	64
06	0	806	1000	100	100	3	100	100	100	100	100	100	100	7	84	0	0	1540
06	0	807	1812	-1	229	3	100	116	100	156	120	100	156	7	69	0	0	230
06	0	808	1546	-1	232	3	100	100	100	276	152	100	100	39	66	0	0	25
06	0	812	1692	-1	100	3	100	100	100	230	189	100	100	7	88	0	0	1042
06	0	813	1000	100	100	3	100	100	100	100	100	100	100	7	84	0	0	1540
06	0	814	1500	-1	100	3	100	100	100	100	100	100	100	7	84	0	0	1540
06	0	815	1161	238	238	3	100	100	100	100	100	115	245	7	89	0	0	600
06	0	816	1031	202	202	3	100	130	100	100	130	130	152	7	76	0	0	512
06	0	817	1161	276	296	3	100	100	100	100	152	100	152	39	70	0	0	175
06	0	818	1128	120	120	3	100	120	100	100	141	100	100	7	89	0	0	646
06	0	819	1995	-1	229	3	100	115	100	110	100	100	189	39	72	0	0	1020
06	0	821	2434	-1	100	3	100	255	100	100	100	100	100	39	87	0	0	1100
06	0	822	2157	-1	213	3	100	152	100	100	141	100	100	7	81	0	0	1250
06	0	823	1229	278	299	3	100	100	100	130	110	110	130	39	96	0	0	1350
06	0	824	1896	-1	156	3	100	100	100	118	100	100	214	7	87	0	0	1275
06	0	825	1174	179	197	3	100	110	100	100	110	100	130	7	94	0	0	1525
06	0	826	1095	164	164	3	100	100	100	106	100	106	193	7	72	0	0	1325
06	0	827	1128	245	245	3	100	130	100	130	110	120	152	7	95	0	0	630
06	0	828	1161	245	245	3	100	100	100	100	100	189	141	39	82	0	0	1490
06	0	829	1000	-1	100	3	100	100	100	100	100	100	100	7	84	0	0	1540
06	0	830	1500	-1	100	3	100	100	100	100	100	100	100	7	84	0	0	1540
06	0	831	1000	-1	100	3	100	100	100	100	100	100	100	7	84	0	0	1540
06	0	832	1000	-1	100	3	100	100	100	100	100	100	100	7	84	0	0	1540
06	0	833	1000	-1	100	3	100	100	100	100	100	100	100	7	84	0	0	1540
06	0	834	1000	-1	100	3	100	100	100	100	100	100	100	7	84	0	0	1540
06	0	835	1000	-1	100	3	100	100	100	100	100	100	100	7	84	0	0	1540
06	0	836	1000	-1	100	3	100	100	100	100	100	100	100	7	84	0	0	1540
06	0	837	1000	-1	100	3	100	100	100	100	100	100	100	7	84	0	0	1540
06	0	838	1086	263	263	3	100	120	100	100	100	183	152	39	92	0	0	1190
06	0	839	1933	-1	249	3	100	130	100	110	110	105	141	39	83	0	0	790
06	0	840	1999	-1	164	3	100	164	100	100	120	100	100	7	112	0	0	2226
06	0	841	1352	184	184	3	100	170	100	100	110	125	100	39	97	0	0	2250
06	0	842	1546	-1	112	3	100	100	100	175	400	100	100	7	75	0	0	392
06	0	843	1118	354	354	3	100	100	100	100	100	100	196	7	62	0	0	0
06	0	844	2002	-1	182	3	100	152	100	100	189	100	100	39	69	0	0	0
06	0	845	1579	-1	538	3	100	100	100	100	109	100	120	39	57	0	0	555
06	0	846	1579	-1	292	3	100	100	100	100	195	180	100	39	72	0	0	1115
06	0	847	2697	-1	192	3	100	100	100	100	100	120	100	7	55	0	0	350
06	0	848	1063	164	164	3	100	100	100	100	120	100	120	7	84	0	0	490
06	0	849	1741	-1	100	3	100	100	100	245	260	100	100	39	83	0	0	289
06	0	850	1000	100	100	3	100	100	100	100	100	100	100	7	84	0	0	1540
06	0	851	1500	-1	141	3	100	110	100	110	100	100	100	7	86	0	0	1205
06	0	852	1569	-1	100	3	100	105	100	120	120	100	100	7	86	0	0	1205
06	0	853	1031	130	130	3	100	100	100	100	100	100	120	7	81	0	0	1205
06	0	854	1031	120	120	3	100	100	100	100	100	100	130	7	86	0	0	1205
06	0	855	1063	197	215	3	100	110	100	130	120	159	110	7	98	0	0	1500
06	0	856	1000	100	100	3	100	100	100	100	100	100	100	7	84	0	0	1540
06	0	857	1022	302	302	3	100	100	100	100	100	141	141	7	83	0	0	892
06	0	858	1500	-1	100	3	100	100	100	100	100	100	100	7	84	0	0	1540
06	0	859	1095	203	203	3	100	110	100	100	110	110	202	7	112	0	0	2226
06	0	860	1128	216	216	3	100	100	100	100	100	216	100	7	74	0	0	642
06	0	861	1000	100	100	3	100	100	100	100	100	110	100	7	87	0	0	1470
06	0	862	1031	381	381	3	100	100	100	100	110	152	120	7	46	0	0	25
06	0	863	1161	152	168	3	100	120	100	130	164	110	110	7	99	0	0	1790
06	0	864	1161	216	216	3	100	100	100	100	152	100	152	7	84	0	0	1440
06	0	866	1063	152	152	3	100	100	100	100	100	100	152	7	89	0	0	646
06	0	867	1128	317	317	3	100	130	100	130	100	135	100	7	111	0	0	1120
06	0	868	1741	-1	100	3	100	100	100	260	245	100	100	39	84	0	0	70
06	0	869	1500	-1	216	3	100	152	100	100	100	152	216	7	92	0	0	790
06	0	870	1218	171	187	3	100	126	100	100	100	105	164	39	96	0	0	911
06	0	871	1063	164	164	3	100	100	100	100	100	141	100	7	80	0	0	1070
06	0	872	1000	292	313	3	100	100	100	100	100	184	184	7	108	0	0	1510
06	0	873	1031	136	136	3	100	100	100	110	100	105	100	7	93	0	0	1570
06	0	874	1000	381	381	3	100	152	100	152	100	100	100	7	81	0	0	515
06	0	875	1741	-1	112	3	100	100	100	276	216	100	100	7	73	0	0	765
06	0	876	1741	-1	112	3	100	100	100	276	216	100	100	7	69	0	0	690
06	0	877	1184	248	265	3	100	100	100	100	152	115	152	7	85	0	0	1173
06	0	878	1500	-1	100	3	100	100	100	100	100	100	100	7	84	0	0	1540
06	0	879	1063	268	268	3	100	120	100	130	110	115	110	39	96	0	0	1160
06	0	881	1000	100	100	3	100	100	100	100	100	100	100	7	84	0	0	1540
06	0	882	1500	-1	120	3	100	110	100	100	100	130	100	7	89	0	0	1740
06	0	883	1500	-1	100	3	100	100	100	100	100	100	100	7	84	0	0	1540
06	0	885	1000	100	100	3	100	100	100	100	100	100	100	7	84	0	0	1540
06	0	886	1500	-1	100	3	100	100	100	100	100	100	100	7	84	0	0	1540
06	0	887	1716	-1	100	3	100	105	100	202	202	100	100	7	112	0	0	2126
06	0	888	1000	100	100	3	100	100	100	100	100	100	100	7	84	0	0	1540
06	0	889	1000	100	100	3	100	100	100	100	100	100	100	7	84	0	0	1540
06	0	890	1095	164	164	3	100	100	100	106	100	100	198	7	97	0	0	1520
06	0	891	1858	-1	145	3	100	106	100	224	120	159	100	39	69	0	22	123
06	0	892	1161	244	264	3	100	100	100	100	164	110	152	7	95	0	0	920
06	0	893	1546	-1	296	3	100	141	100	164	141	100	100	39	71	0	0	220
06	0	894	1316	206	206	3	100	147	100	100	100	100	176	7	70	0	0	407
06	0	895	2391	-1	100	3	100	246	100	106	100	100	106	39	105	0	0	1869
06	0	896	1000	100	100	3	100	100	100	100	100	100	100	7	84	0	0	1540
06	0	897	1161	216	216	3	100	106	100	100	100	100	288	7	80	0	0	1085
06	0	898	1665	-1	100	3	100	125	100	100	100	100	100	7	97	0	0	1935
06	0	899	1666	-1	110	3	100	115	100	130	130	100	100	7	98	0	0	1980
06	0	900	1031	199	216	3	100	100	100	122	100	105	328	39	75	0	65	479
06	0	901	2161	-1	120	3	100	217	100	100	100	152	100	7	67	0	0	407
06	0	902	2577	-1	100	3	100	216	100	100	100	100	100	39	104	0	0	1669
06	0	903	1147	223	223	3	100	100	100	100	110	100	110	7	98	0	0	1129
06	0	904	1000	100	100	3	100	100	100	100	100	100	100	7	84	0	0	1540
06	0	905	1161	110	110	3	100	110	100	216	260	100	100	39	105	0	0	2119
06	0	906	1031	240	279	3	100	100	100	110	100	105	120	39	104	0	0	1600
06	0	907	1500	-1	100	3	100	100	100	100	100	100	100	7	84	0	0	1540
06	0	908	1150	272	291	3	100	100	100	130	110	100	110	39	83	0	0	2330
06	0	909	1666	-1	125	3	100	125	100	110	120	105	100	7	91	0	0	1670
06	0	910	1031	120	133	3	100	100	100	100	100	100	120	7	89	0	0	1640
06	0	911	1161	238	256	3	100	100	100	100	100	257	100	7	64	0	0	270
06	0	912	1500	-1	100	3	100	100	100	100	100	100	100	7	84	0	0	1540
06	0	913	1118	311	333	3	100	156	100	157	100	100	100	7	56	0	83	139
06	0	915	1128	236	236	3	100	100	100	100	100	251	110	7	99	0	0	2091
06	0	916	1195	344	344	3	100	100	100	152	100	100	110	7	60	0	0	0
06	0	917	1000	152	168	3	100	110	100	100	100	141	110	7	94	0	0	1540
06	0	918	1031	141	141	3	100	110	100	100	100	152	100	39	92	0	0	1770
06	0	919	1134	250	273	3	100	100	100	100	110	237	100	39	51	0	0	97
06	0	920	1707	-1	291	3	100	149	100	119	100	147	100	39	50	0	0	97
06	0	921	1579	-1	427	3	100	100	100	197	100	100	100	7	43	0	0	95
06	0	922	1749	-1	203	3	100	100	100	100	190	147	133	39	47	0	0	47
06	0	923	1369	200	200	3	100	100	100	100	100	201	100	39	85	0	0	720
06	0	924	2040	-1	306	3	100	152	100	100	100	100	100	7	70	0	0	20
06	0	925	1264	189	189	3	100	176	100	100	100	100	110	7	64	0	0	657
06	0	926	1500	-1	100	3	100	100	100	100	100	100	100	7	84	0	0	1540
06	0	927	1647	-1	161	3	100	100	100	120	290	147	100	39	49	0	0	97
06	0	928	1741	-1	184	3	100	120	100	110	100	105	100	39	91	0	0	2000
06	0	929	1161	361	410	3	100	100	100	152	100	100	100	7	71	0	0	142
06	0	930	1161	216	235	3	100	100	100	110	130	110	130	39	87	0	0	1232
06	0	931	1000	100	100	3	100	100	100	100	100	100	100	7	84	0	0	1540
06	0	932	1000	100	100	3	100	100	100	100	100	100	100	7	84	0	0	1540
06	0	933	1161	230	230	3	100	110	100	141	120	100	152	7	98	0	0	1980
06	0	934	1128	171	186	3	100	100	100	100	130	105	130	7	90	0	0	1032
06	0	935	1921	-1	156	3	100	146	100	100	164	100	100	39	86	0	0	1040
06	0	936	1500	-1	100	3	100	100	100	100	100	100	100	7	84	0	0	1540
06	0	937	1500	-1	100	3	100	100	100	100	100	100	100	7	84	0	0	1540
06	0	938	1000	100	100	3	100	100	100	100	100	100	100	7	84	0	0	1540
06	0	939	1500	-1	100	3	100	100	100	100	100	100	100	7	84	0	0	1540
06	0	940	1000	100	100	3	100	100	100	100	100	100	100	7	84	0	0	1540
06	0	941	1000	100	100	3	100	100	100	100	100	100	100	7	84	0	0	1540
06	0	942	2482	-1	100	3	100	237	100	100	100	100	100	7	98	0	0	2210
06	0	943	1057	251	251	3	100	144	100	110	252	100	100	7	53	0	70	142
06	0	944	1816	-1	225	3	100	125	100	110	100	115	189	7	101	0	0	2030
06	0	945	1500	-1	100	3	100	100	100	100	100	100	100	7	84	0	0	1540
06	0	949	1500	-1	141	3	100	120	100	100	100	100	164	7	84	0	0	1540
06	0	950	1128	130	130	3	100	100	100	100	100	110	141	7	91	0	0	1470
06	0	951	1594	-1	125	3	100	110	100	100	100	105	100	7	89	0	0	1740
06	0	952	1816	-1	100	3	100	158	100	100	100	100	100	39	89	0	0	1850
06	0	953	1776	-1	263	3	100	141	100	100	100	159	120	7	54	0	0	283
06	0	954	1161	189	189	3	100	141	100	130	141	100	141	39	77	0	0	294
06	0	955	2016	-1	193	3	100	105	100	153	100	105	162	7	87	0	0	669
06	0	956	1000	100	100	3	100	100	100	100	100	100	100	7	84	0	0	1540
06	0	957	1128	200	200	3	100	110	100	152	176	125	120	39	66	0	0	55
06	0	958	1031	276	276	3	100	120	100	100	100	189	141	7	86	0	0	1075
06	0	959	2077	-1	168	3	100	112	100	112	100	100	235	39	78	0	0	520
06	0	960	1031	159	159	3	100	110	100	110	110	105	110	7	96	0	0	2180
06	0	961	1161	259	259	3	100	100	100	100	110	216	110	39	75	0	0	1244
06	0	962	1627	148	148	3	100	189	100	100	100	100	100	7	76	0	0	239
06	0	963	1594	-1	133	3	100	110	100	100	100	100	100	7	81	0	0	1340
06	0	964	1000	170	187	3	100	100	100	100	100	125	120	7	79	0	0	990
06	0	965	1714	-1	211	3	100	105	100	100	100	211	100	7	76	0	0	970
06	0	966	1047	292	313	3	100	159	100	152	100	100	100	7	73	0	0	1360
06	0	967	2280	-1	133	3	100	230	100	100	100	100	100	7	68	0	0	895
06	0	968	1316	112	112	3	100	183	100	100	100	100	100	7	81	0	0	1485
06	0	969	1500	-1	100	3	100	100	100	100	100	100	100	7	84	0	0	1540
06	0	970	1031	399	399	3	100	100	100	100	110	105	120	39	57	0	76	748
06	0	971	1792	-1	189	3	100	110	100	189	164	100	110	7	75	0	0	50
06	0	972	1500	-1	100	3	100	100	100	100	100	100	100	7	84	0	0	1540
06	0	973	1500	-1	100	3	100	100	100	100	100	100	100	7	98	0	0	1980
06	0	974	1000	120	120	3	100	110	100	110	100	100	120	39	88	0	0	1660
06	0	975	1095	210	210	3	100	137	100	188	130	105	133	7	76	0	0	510
06	0	976	1000	100	100	3	100	100	100	100	100	100	100	7	91	0	0	1760
06	0	977	1128	238	257	3	100	110	100	106	100	115	226	7	67	0	0	110
06	0	978	1161	259	259	3	100	100	100	110	130	140	130	39	96	0	0	1584
06	0	979	1612	-1	100	3	100	100	100	120	281	100	100	39	89	0	0	940
06	0	980	1218	225	225	3	100	141	100	100	100	192	100	39	70	0	0	219
06	0	981	1063	100	112	3	100	100	100	152	141	100	100	7	88	0	0	1500
06	0	982	1386	216	216	3	100	171	100	120	100	100	100	7	68	0	0	550
06	0	983	1487	130	130	3	100	233	100	100	100	100	120	7	87	0	0	1500
06	0	984	1765	-1	180	3	100	120	100	196	110	100	149	7	78	0	0	84
06	0	985	1594	-1	142	3	100	100	100	205	100	100	120	39	91	0	0	927
06	0	986	1086	472	527	3	100	110	100	100	110	100	100	7	56	0	0	1291
06	0	987	1000	120	120	3	100	122	100	100	100	100	510	7	53	0	0	247
06	0	988	1000	120	120	3	100	122	100	100	100	100	510	7	56	0	0	147
06	0	989	1675	-1	100	3	100	100	100	235	170	100	100	39	98	0	0	890
06	0	990	2289	-1	145	3	100	233	100	100	100	100	100	39	73	0	4	9
06	0	991	1741	-1	133	3	100	112	100	100	100	100	394	39	70	0	0	74
06	0	993	1000	100	100	3	100	100	100	100	100	100	100	7	84	0	0	1540
06	0	994	1692	-1	120	3	100	130	100	100	120	100	100	7	85	0	0	1640
06	0	995	1000	100	100	3	100	100	100	100	100	100	100	7	84	0	0	1540
06	0	996	1692	-1	100	3	100	100	100	216	202	100	100	7	98	0	0	1465
06	0	997	1063	176	176	3	100	110	100	110	100	164	100	39	88	0	0	1510
06	0	998	1918	-1	180	3	100	159	100	100	100	100	189	39	58	0	0	164
06	0	999	1063	237	257	3	100	130	100	100	100	237	100	7	67	0	0	339
06	0	1000	1063	164	164	3	100	130	100	100	120	100	141	7	80	0	0	1760
06	0	1001	1000	100	100	3	100	100	100	100	100	100	100	7	84	0	0	1540
06	0	1002	1063	147	147	3	100	100	100	100	120	105	120	7	89	0	0	1740
06	0	1003	1000	100	100	3	100	100	100	100	100	100	100	7	84	0	0	1540
06	0	1004	1315	246	246	3	100	120	100	120	141	100	100	7	52	0	0	33
06	0	1005	1594	-1	100	3	100	100	100	279	248	100	111	39	81	0	0	420
06	0	1006	1086	248	248	3	100	110	100	120	100	147	110	7	102	0	0	1760
06	0	1007	1594	-1	130	3	100	120	100	120	120	100	100	7	81	0	0	1090
06	0	1008	2002	-1	164	3	100	100	100	112	100	100	249	39	72	0	0	317
06	0	1009	1714	-1	120	3	100	125	100	100	120	100	100	7	85	0	0	1710
06	0	1010	1500	-1	100	3	100	100	100	110	100	100	100	7	84	0	0	1290
06	0	1011	1843	-1	141	3	100	130	100	120	141	100	130	39	71	0	0	910
06	0	1012	1816	-1	140	3	100	120	100	138	156	109	100	7	108	0	0	1086
06	0	1013	1735	-1	189	3	100	100	100	195	162	110	106	7	95	0	0	434
06	0	1014	1095	309	309	3	100	100	100	100	100	120	189	7	49	0	0	67
06	0	1015	1731	-1	125	3	100	170	100	181	161	105	100	39	85	0	0	486
06	0	1016	1594	-1	100	3	100	100	100	141	470	100	100	7	65	0	0	913
06	0	1017	1095	203	203	3	100	100	100	120	110	110	110	7	94	0	0	1490
06	0	1018	1642	-1	100	3	100	100	100	164	189	100	100	39	76	0	0	1760
06	0	1020	1063	147	147	3	100	100	100	100	120	105	120	7	86	0	0	1760
06	0	1021	1828	-1	186	3	100	130	100	120	152	157	100	7	72	0	50	906
06	0	1022	1692	-1	100	3	100	100	100	230	189	100	100	39	75	0	0	960
06	0	1023	1000	100	100	3	100	100	100	100	100	100	100	7	84	0	0	1540
06	0	1024	1692	-1	170	3	100	120	100	144	157	182	100	7	76	0	50	766
06	0	1025	1063	152	152	3	100	100	100	100	120	100	120	7	92	0	0	1470
06	0	1026	1063	147	147	3	100	100	100	100	100	147	100	39	89	0	0	1740
06	0	1027	1741	-1	100	3	100	120	100	152	152	100	100	39	62	0	0	1660
06	0	1028	1161	216	216	3	100	112	100	100	100	106	258	7	81	0	0	1160
06	0	1029	1968	-1	186	3	100	115	100	100	100	100	199	7	63	0	0	340
06	0	1031	1792	-1	158	3	100	110	100	164	176	115	110	7	95	0	0	2150
06	0	1033	1151	219	219	3	100	100	100	100	120	139	205	7	70	0	50	816
06	0	1035	1920	-1	147	3	100	147	100	100	141	105	100	7	89	0	0	1040
06	0	1036	2305	-1	120	3	100	224	100	100	100	100	100	39	80	0	0	1450
06	0	1037	1000	100	100	3	100	100	100	100	100	100	100	7	84	0	0	1540
06	0	1039	1821	-1	179	3	100	137	100	100	130	111	120	39	89	0	0	988
06	0	1040	1792	-1	130	3	100	130	100	100	141	100	100	7	79	0	0	1540
06	0	1044	1948	-1	176	3	100	100	100	120	100	100	216	7	52	0	0	720
06	0	1045	1161	237	237	3	100	100	100	100	152	105	152	7	53	0	0	1150
06	0	1046	1000	100	100	3	100	100	100	100	100	100	100	7	59	0	0	1090
06	0	1047	1500	-1	100	3	100	100	100	100	100	100	100	7	68	0	0	1330
06	0	1048	1500	-1	100	3	100	100	100	100	100	100	100	7	59	0	0	1090
06	0	1051	1128	276	276	3	100	100	100	141	100	100	100	7	64	0	0	930
06	0	1052	1000	100	100	3	100	100	100	100	100	100	100	7	59	0	0	1090
06	0	1053	1296	189	189	3	100	210	100	100	100	100	100	7	33	0	0	32
06	0	1054	1253	227	227	3	100	100	100	100	100	100	189	39	29	0	0	32
06	0	1055	1201	297	297	3	100	100	100	164	100	100	100	7	26	0	0	155
06	0	1056	2167	-1	141	3	100	164	100	100	141	100	100	7	68	0	0	1255
06	0	1057	1128	189	189	3	100	100	100	100	100	100	189	7	59	0	0	1090
06	0	1058	1063	286	286	3	100	110	100	100	100	159	141	7	29	0	0	220
06	0	1059	2304	-1	100	3	100	225	100	100	100	100	100	7	15	0	0	250
06	0	1060	1741	-1	292	3	100	100	100	164	100	100	100	7	45	0	0	750
06	0	1061	1000	100	100	3	100	100	100	100	100	100	100	7	45	0	0	850
06	0	1062	2304	-1	100	3	100	225	100	100	100	100	100	7	45	0	0	850
06	0	1063	1500	-1	100	3	100	100	100	100	100	100	100	7	45	0	0	850
06	0	1064	1161	216	216	3	100	100	100	100	100	100	230	7	22	0	0	100
06	0	1065	1161	225	225	3	100	100	100	100	100	105	216	7	20	0	0	350
